0.046375063045232714
0.28084267531938367
0.23065206873082944
0.15036518912144284
0.1223003005553537
0.020151032887053593
0.2361675972712849
-0.2574915718787828
0.22294803297777502
0.2085239578027922
0.21950157567729875
-0.1503504653147448
0.10167236786648462
0.1278122047871161
0.0822355010201252
-1.1026276437966929
-0.2618812275131392
0.2339103028052562
0.23405462141783734
-1.9087655207754275
-0.07710306666768874
-0.5477740876788082
0.30714412199875685
-1.2612894951282594
0.07573435318012624
0.08225373439929563
-0.13487094380173095
-0.26222016236711937
0.20170380764837392
0.13230187816549946
-0.09906164361750248
0.1468676582835668
0.045593168925955246
-0.731110773385644
-1.6300964839270091
-0.8408880438461207
0.6937985313669769
0.6036664214743404
0.6943642348818605
0.6436034975712746
-0.10779823882654317
0.6583780137020206
0.705570121749917
0.29589406953354724
0.36735085375405674
0.654511818584766
0.44667375886676675
-0.4071040665449924
0.5393478406076305
0.42637722638627845
0.6628302671550503
-0.07320176257360837
0.6408105243421006
0.17357510721252697
0.7724892075403905
0.6539700549011986
0.7136005007457046
0.45369108934791413
0.3910615350057493
0.7322620910760845
0.5552576325067928
0.3014792919040814
0.7248989524183306
0.5144299705633862
-0.22321661744854432
-0.03998658408749464
0.6980817547082314
0.5592143410255733
0.5740738884831317
0.7001688716087923
0.6060362448678018
0.24634055786629439
0.43509738205411014
0.726477883385151
0.688600470247748
0.6755124268735917
0.2947622843899736
-0.09962721445871513
0.5915322578770887
0.8481909442847166
0.609720581220551
0.7841119778884948
-1.1721702897809265
0.47462177201844696
0.9690695207835278
0.7101982000882939
0.5529961872878508
0.7746519108674362
0.5799512189384827
0.7749821523486397
0.6525401186053928
0.8157021804048451
0.7331253604455337
0.7782345173917217
0.9170462933165378
-0.12622996148893245
0.28668498163052886
0.185681366794337
1.0539438868431252
0.798192805657767
0.8301753710344216
0.6361070543774108
0.7232940201017943
0.6255900065412439
-0.12911069815369097
1.123054291850395
0.9766773882758278
0.9263292458615949
0.31652053639568734
0.9596600428881175
0.8665710244222231
0.9783291049313113
0.8586978249258952
0.6647692248328655
0.4687123034315118
0.9777169780896313
0.756779292011495
0.9308027486359518
0.9556409361522815
0.7341161580300894
-0.21222765200805133
-0.8711045754796571
0.9665034736086457
0.655046833449491
1.0140676174868308
1.0041520948892777
0.3813557804110976
0.9449764935876611
0.9780946317929359
0.9451668293747905
0.798101486488106
-3.438605097064161
0.3167737192573408
0.9522712356827215
0.33089626237485376
0.9493030419756661
1.0324285703173117
-0.7036460515354225
0.9485428368748007
0.8347042881317791
0.3607554766323775
0.5694250165329783
0.9206504669244732
0.8953697142820328
0.4658684216084287
0.9650951904384715
0.9662067416554666
1.0473382611584388
0.49019999703149497
1.1501680522311126
1.0252633572687406
1.0096492899640401
1.1247204300009006
0.9104212589264465
1.0287945623628825
0.3755361791106367
0.8798466974348882
1.0768315353114843
-0.041846717261390956
0.7721978065224587
1.0377263601215825
0.914512588556694
1.0842270556995781
0.7045934193413566
-0.012245723538428899
0.486177526281512
0.2996952480533606
0.8867861652147896
1.1241056110314231
0.8868120166359251
0.6090502630802611
0.3225909563812116
0.7427226025876075
1.1101021789830927
1.0925815191022168
1.0952653119118074
-0.31111885284503354
1.1963605682712815
0.4162157934009997
1.0454101014986137
1.162914297969544
0.6439937428091613
0.9191040850801416
0.8429004241795831
0.9790592439037339
-0.7894429412364488
1.0706205584626525
1.202114209720317
1.1578915671201406
1.1499943054242856
1.1650350793920483
1.1200256975549474
0.7400624756561324
0.8553781684405902
1.0560564010027862
0.6060803470498772
1.1461412752641313
1.1605722083657641
1.1260255034284044
0.6422102216016675
0.960639270194708
0.7640765482041735
0.8432526525880025
1.1753622459580058
0.3559682485253145
1.0582874303636804
0.31472089741922743
1.1593943780092002
-1.6049741107722193
-1.043938967365193
1.1532212314811638
0.9485357205635785
1.0074911891887488
1.1908909215674628
1.1995213837410161
0.4494636255245626
1.204618354844878
1.1542392922924964
1.118316265626895
0.9829747862575312
-0.02853004066882301
1.0286021460021448
0.4613378137120707
0.15960529074383456
-0.15379808928945182
1.2072111808241788
0.9518507179815725
1.142201850224787
0.36142572451993943
0.957348941457681
0.6012370598268585
1.0341615509503657
1.2004152193523632
0.5108041742705038
1.0293790108670007
1.1194577080645136
1.1355520871888547
0.2021679957792199
0.7500558233402451
1.1784429735790007
-0.40675486990479404
0.5623028578362973
1.1735413163656159
1.2510201620371195
0.9609949904692084
1.0942359991620665
0.35891407747678544
0.5336835474840691
1.204334360099661
0.9802329581413396
0.9323370972065723
1.1684546272116059
1.0375459463809422
0.7486671007465243
1.2625274449351904
1.1542392922924964
0.8683895499389408
1.2136344666960375
1.2455505153333009
0.9217308984002403
1.1903359061546783
1.006606718406997
1.194674551980977
1.1573263084912222
1.14913455547227
1.0530581489707522
0.9014467701328235
1.2567738034861549
-0.20387617736995234
-0.1456013557860279
1.1679928646046613
1.02110233382948
1.1886369157867243
1.1603898685529361
1.09266303027175
1.21871846372225
1.1061159244647047
1.0564311556437362
1.2252381457283124
1.2654042656597084
0.942654633395463
1.1802904483583878
0.9448179145929344
1.24460985024291
1.1819538943810959
0.9221996965476615
1.1311486135670161
1.2423896998635662
1.0614392466751668
1.2393773688052643
1.2204174540902037
1.179485293601781
0.6758187201974979
-0.44014779023167516
1.1768770568730902
1.0621197700795406
1.0834309440530518
1.1494037456662554
0.8749668807259522
1.1810487736359512
1.1451916110154923
1.2567738034861549
0.761606110114354
-0.6991229729390792
0.5653007929656558
-0.40479560111796214
1.0512491693384554
1.2413135244393916
0.769803190138829
1.230746906631711
0.7739195252481753
1.1185300170517722
1.297049293629404
1.1967462179488877
0.8710056795170198
0.8811787521303589
0.6288736926679241
0.7037568019474956
1.2858260054765496
-0.1610976592455337
1.0282531467438245
1.226934714919904
1.2503634916919455
0.8258095204450436
1.3200638594255463
-0.282107212486005
0.9596740613441357
1.207566145247922
0.981383635710072
1.2941724729048862
1.0713742761885543
1.2333865620900557
0.922116837173265
1.2052411697886574
1.0674109579461784
0.419430649500069
0.7212610496482837
1.2235444141585443
1.1834044343490788
0.9743060731615686
0.7540145781158255
0.5854001955387906
1.2331025673448388
0.9523107421708967
1.23280178762277
1.232445896999665
0.5502214314288699
0.9030214167050133
1.1157887066610381
1.1885014054529404
0.8925952885803684
1.2432632511828665
1.1688848203927054
0.9277536681459634
0.46675506250095544
0.7992530645805348
1.0784252127348097
0.7006474723031908
0.9404113081419548
1.1380711849264094
-0.43006942797222314
0.7383220929088861
1.2912956521803685
1.2003654887945068
0.5129972420816123
1.3430784252216885
0.5044572361851689
1.1555948134846084
1.110741727651126
1.2733780574880877
1.1924205462002386
1.24460985024291
0.9238421269090245
0.9735789014818166
1.3143102179765107
1.1585553678511986
1.3038452551012196
0.32478215330600585
1.2567738034861549
1.193733886890586
1.348832066670724
1.2652687553259245
1.2884188314558505
0.41975416196849824
1.2738992174994777
0.8332584289541018
1.2257984199392824
1.2676244160390522
1.2693234064070062
0.8875456084209803
1.008069481599796
1.2755982078674317
1.2679084107842693
1.1508317153666414
1.1570472927742697
1.1073751254616107
1.109568140382795
1.2703657264297863
0.986575610560806
1.3021462647332658
1.3171870387010285
0.1850461822986907
0.3578527387462149
0.6059302393887545
1.002712737462146
0.9783786119835666
1.1812104230044846
0.9149067080467812
0.9477665286163199
0.9281439873163676
1.2954987876728832
0.8890909505745144
1.2395725085543214
0.810037972851767
1.1857128499064116
1.192034896522632
1.2270333617247418
0.5459299333711651
0.8842559088644917
0.7326587665548494
1.1972822318612293
0.9963403935812684
0.9973899103672489
0.6922382588688989
1.115658173673928
1.3085565765274751
1.2884188314558507
1.2651332449921409
0.02100171481623877
1.3056797558029574
1.19387061587698
0.898797948264387
0.603868502256905
1.2502279813581616
1.3085565765274751
0.45203757516295545
0.6981614128166828
0.9846036600037271
1.3258175008745818
0.7095636676388166
1.2273489258958032
0.986789628516642
0.970700208483467
1.299269444008748
0.16810185229030117
1.0134052060484902
1.2593463451734093
1.1818427846433768
1.340201604497171
1.1044317879977021
0.42157406808492504
1.2150641762985435
1.060240725874309
1.2566382931523712
1.1941195365681916
-0.661524343363139
1.3517088873952419
1.2199092681564632
1.206419000145221
1.2346660473790085
0.5326021489363945
1.2813518493164675
1.3298721519556636
1.1391105194179296
0.957806637850999
1.0541480248427517
1.325296340863192
0.8441274595276571
1.3258175008745818
1.0607296287084351
0.9390115959552354
1.0658215634161696
0.5025044282053814
0.7096592494509011
1.3603393495687954
1.3286943215990996
1.322940680150064
1.261735264256233
0.10258637436513778
1.2549720520736423
1.2675798725355585
1.2803095292936875
1.0559697939649573
0.7960942323817637
1.2130129345438614
1.2520624820598996
0.28445329762306165
0.6159462195267409
1.2269762502958463
0.06824374906625223
0.7316746333894597
1.0876527199423816
1.3056797558029574
1.218582953388466
1.067138125391487
1.2351984925241972
1.311433397251993
0.46892262604275764
1.2906389818351947
1.1093932487677796
0.9108150726266184
1.0582818865606238
1.3309144719784436
1.3143102179765107
1.0259798306537038
0.11628489963334189
1.2757224330674175
1.2654042656597082
1.350009897027288
1.3050230854577833
1.2763903885463896
-1.0614685574142477
1.2741832122446948
1.14573474426278
1.3028029350784396
1.1263294846218617
1.0033883653098323
0.5582330311819481
1.3154880483330746
0.8372297528683086
1.3038452551012196
1.2380307697452213
0.9988372849594845
1.3586403592008414
1.0261287067452474
1.099473895994778
0.22199593794607247
1.2826651900068151
1.1114429414997937
0.9952666537375948
1.229797242383072
1.1900648854871108
1.009684233096868
0.934911618851668
1.1156531963272545
1.1623389982647125
0.7435103057550595
1.3344479630481352
0.9132353890891888
1.1694059804040962
1.3194071890803725
1.3402016044971707
0.5129071481043918
-0.188172619627045
0.9506842791377216
1.2620543971944478
1.239230573337682
0.8681454846780735
1.1374265427937675
0.9352722966414252
1.121306815450913
0.9716380699792382
1.2691546377035265
1.1245094704343743
1.1553690487592378
1.2155706223301646
-0.17038179743037163
0.932578430670316
1.2266922555506294
0.8569187133851641
1.1809132633021673
1.095771333304665
1.0124070028378596
1.166937379624781
0.9516542387266435
1.3200638594255463
1.0323834567426142
1.2302724127119824
1.3143102179765107
1.020047638163499
1.3158736980106809
1.2364892629469486
1.1826235388039195
0.7240678917990496
1.2031416480922472
0.4070799200007341
1.3117173919972098
1.200294562919531
1.2826651900068151
1.3402016044971707
1.0523447359191191
1.311433397251993
1.3413794348537347
1.169825485483097
1.058586279009849
1.272200227131524
0.8014220974229919
1.0495672358482289
1.2820085196616413
1.0902848496412862
1.3286943215990998
0.06594613454520587
1.2357196525355871
1.1800991093873119
-0.10893093383783585
0.8276728841690706
1.3344479630481352
1.1296403651384388
0.9127603746985358
1.3344479630481352
1.3143102179765107
0.982575374591126
0.9572538573842019
-0.3349409705980545
1.3056797558029574
1.1741648562930085
1.16651787454578
1.2496955362129736
1.261214104244843
1.2669677456938784
1.3143102179765107
1.2000141468661454
1.2532403124164633
1.0472169701128555
1.2941724729048862
1.337324783772653
1.1619053694372488
1.2749415375222577
1.3143102179765107
1.1509672257004255
-0.17289844885391936
1.139812334110265
0.9597659155440995
1.2351872073903991
1.2397630184828707
1.075823406043527
0.5007960361051708
1.0550375035671578
1.2045844994434836
1.2015056516457903
1.2405551991618282
1.1854890743946391
0.5132189708914084
0.22165325042452877
0.1961844315104418
1.0605170818970575
1.3056797558029574
1.1136621223238399
0.653059729591609
1.2140071422959944
0.5658790836569881
0.7643040359701363
1.2204323079911554
1.2826651900068151
1.1516238960455993
1.191001672865322
1.1341242979223622
0.7242864696345099
0.66540715747849
1.1152336912482537
0.6711821420717862
1.3430784252216885
1.2941724729048862
1.2860631707427228
-0.04548947943200374
1.2565027828185875
0.3174950441689627
0.9946029661950904
1.2302500058317685
1.014828530237967
1.3286943215990996
1.3459552459462065
1.1305584599612335
1.272721387142914
1.2944564676501031
0.912613107211924
1.1550218767815073
1.2825296796730312
1.3183648690575924
-0.27815668823210804
1.2387206984600903
0.9947384645943051
0.4931727872205093
0.6321518782929036
1.2085946070210711
1.2079492218096954
1.2417478834193438
1.286584330754113
1.2812501943840782
0.960278643435211
1.2740347278332618
0.7249837386982511
0.8249112734183095
1.3056797558029574
1.1878447351077668
0.9557528956093372
1.0151629474745145
0.3519843671538924
1.158555367851199
0.7222836462140714
1.2155819074639624
1.1453111854291032
1.298227123985968
0.7339597540629738
0.7627655702115617
1.3002101090991387
0.7788575740924152
1.1572087687911554
0.8411985474839336
0.9265981252750908
0.6518037687130538
1.3344479630481352
1.019945013038131
1.3632161702933132
1.1487357901872832
0.6381260080004658
0.46484108499239724
-1.0048893595556734
1.362695010281923
0.7609917263081616
1.231268066643101
0.8570418012869265
0.6201453653586895
-0.15214426994808977
1.3603393495687954
0.6969326495764727
1.2525836420712895
0.6644393584010608
1.3574625288442774
0.811314246447123
0.6192528286530185
1.1184508042870505
0.2232886083732931
1.0372413505569902
0.9381978998517948
0.8845081814055386
0.8484529559910472
1.337324783772653
1.2432965095525623
1.2672517404390953
1.1810262033683547
1.0632367806509606
0.7000993375908182
1.151091450900411
0.8308628294584689
1.3182293587238085
1.1359525907674126
1.309734406884039
1.3402016044971707
1.1540585616236203
1.0233073878296757
0.6638318200585086
1.1332500575900444
1.1982984128492595
1.2800723640275142
-0.7138485592506478
0.9803861653832738
1.2703657264297863
1.0965288358438348
1.221980934124374
1.3298721519556633
0.9245932402129674
1.3050230854577836
-0.07425228222544948
1.1960782624699156
0.9521684280434418
1.3154880483330746
0.9780864713555493
0.7054515167861134
0.24720575325804517
1.087428224416357
1.1306607119253216
0.8635403612090226
1.1330496310081446
1.207596830501785
-0.7183910580311235
0.28607367652278953
1.1604453678045672
1.179962760695297
1.0198767235831214
0.953968754513956
1.1547626721632258
1.210994811237693
0.8934008477205395
1.1472204224237608
1.147015650802181
0.5270441479475031
0.8574318513789534
1.0695163831250405
1.2912956521803685
1.0744917019725926
1.1902003958208944
-0.5631887176518868
1.1029583280363024
-0.2690559918746736
0.6235280697814791
0.8890575099051623
1.1150701331993866
0.8310474028752046
0.5447543231860419
1.0311265954935673
1.1554468304509635
1.3212416897821102
0.9859247763715879
1.3198950907220668
1.0019779758222909
1.2535243071616802
1.2842286700409853
1.106424314722351
1.2535243071616802
1.2478390622753384
1.2740347278332618
1.2143927919736006
1.3143102179765107
1.1885014054529401
0.7384125784728554
1.322940680150064
1.001659504837427
0.9074172191055097
1.2703324680600905
1.2510201620371193
0.932464285085134
1.0215872629478722
1.1065726688785484
1.2317892266544912
1.0041301961986429
1.222502094135764
1.2915796469255851
1.0714949219839713
0.9908782862567267
1.2082768345710586
1.3085565765274751
1.2503634916919455
1.0423698386603255
0.7188094559870369
1.260692944233453
1.2383237636486861
0.9449487783799424
1.251530036914711
1.2963926232842302
1.259515113876889
1.0112601967838093
0.7727796223395482
1.27102239677496
1.297049293629404
1.1966107076151036
1.1286319138948882
1.1958523823375404
1.2769115485577796
0.3865860684408881
0.6120942146323294
1.3373247837726532
1.322940680150064
1.251926971726116
1.3143102179765107
0.7517552560985291
1.2941724729048862
0.13089087653562115
0.8087767677122079
1.234621503875515
1.2963926232842302
0.5503109217927112
1.0299176750099825
1.1260747302707719
1.0659094212263875
0.2938762379790853
0.7696909432358947
1.1884568619494467
1.285542010731333
1.340201604497171
0.9988305245592831
1.3200638594255463
1.2825296796730312
-0.6354291165479231
1.0070006511558263
1.0011333554751214
0.9273701451521514
1.1244191688345915
0.3827536475023523
0.8768513584721008
1.3028029350784396
1.2625274449351906
1.3030869298236567
0.6717310593411042
1.2612141042448426
0.5369218271095961
1.1476717501444278
1.0898676305378359
1.1491327249986876
0.7543063221881302
0.8579905088001708
1.2588584435317152
1.3067220758257374
1.297049293629404
1.267748641239038
1.3028029350784396
1.2826651900068151
1.1896792358095043
1.2474753858336296
1.1347486213760989
0.6269844797251981
0.6087357240276449
0.8618414399891524
1.2549393027844171
1.2451310102543
-0.7023293789738001
-0.06976944856930888
0.8668110206483483
1.3298721519556636
1.297049293629404
1.258337283520325
1.0899102942180272
1.137911316669136
1.285542010731333
0.8443237216698198
1.1920348965226322
-0.40178760048554235
0.5559132599882085
0.9783791103551726
1.0934945088997663
0.9694234845113263
1.0711345837222928
1.2234832918349559
-0.5315772805019795
1.2232829896809236
1.2797883692822973
1.183268924015295
0.7891007891633497
0.91270690932349
0.9881625936321451
0.7064391236955254
1.1516238960455993
1.142993433872046
1.2324458969996648
1.1325284709967551
1.311433397251993
1.0126691751851897
1.3056797558029574
0.9728559684506501
0.615806372989917
1.2195123333450586
1.166646265544618
1.160005663723994
1.2081179905131751
1.1913782261774577
1.230611396297927
1.2449954999205162
0.8803658508379631
1.154801445239588
0.8164459690817554
0.676312835571259
0.7754758700700751
1.2813518493164675
1.197938902206403
0.7739355587832675
1.2924734825369324
1.120601683019683
1.2439531798977361
1.2398985288166544
0.8879987421669729
1.1959869361348388
0.7995389135233045
1.2196181540763003
1.2999261143539218
1.2050724010851777
0.6884552528592862
1.1764937025226259
1.2404084036942464
1.3143102179765107
0.5242031639861414
0.06711216755977589
1.1029066183279532
1.0149400892685603
1.2057623298000475
1.223023254147154
0.4153761299392012
0.7989626442694338
1.2242010845037177
0.8708004867798979
1.1775152825662594
1.2668322353600947
1.0037122557947933
0.6566987487346513
1.2912956521803682
1.2000086883510117
1.0829341815802567
1.2929946425483223
1.1162653231689343
1.0140214626625998
1.2878863863106624
1.0137830900447753
1.147433734630734
1.2485289909902078
1.246037819943296
1.1124965466563719
1.2769115485577796
1.3517088873952419
1.0665871723750218
1.185602972176383
1.3068575861595213
0.33357533559142044
0.9176030620080343
1.1897963416745443
1.1873264516665427
1.2985919299730304
0.7464889202078044
0.8323253968976043
1.2062834898114374
1.3430784252216887
0.7786049355252855
1.056034889869176
1.1495723837274816
1.3085565765274751
1.0616852590884298
1.0758647914387112
0.844919058666018
0.9525659588881193
1.2784750285919495
1.2884188314558507
1.0311122640048866
1.2443055712056463
1.313653547631337
0.060435532428928275
1.2797883692822973
1.0051254166330983
1.1264109059062601
1.1797354329456036
1.0426486529721897
1.2740347278332618
0.6662620565376541
1.0339131005503943
1.1899164010756773
1.2174051230319023
1.1306939702950174
0.9485384740025128
0.7811575643695999
1.0088881460140888
1.1388032724571806
1.2647475953145344
0.05367706761669258
1.1482259153096914
-0.9679866223669991
1.108973429505636
1.259379603543105
0.9592824590380741
1.2206686244290643
1.0872060018435936
0.6925275196446542
0.556985367759608
1.1736255101038802
0.4229247451987901
0.7698744131335358
0.9694119841325822
1.1198429667775607
0.7213934364981741
0.8579680232929581
1.207075670490395
1.0255611738971468
1.282665190006815
0.8168590856395989
0.9398615393249455
1.2525836420712895
0.7440874464111428
0.3734958416469884
0.836475594660707
1.1797021745759078
1.3143102179765107
-0.3236262583938672
0.9372272963686827
1.1913782261774584
0.8323543845872045
1.0921359342648322
0.9921205729811515
0.8777978696118309
0.6850532777376643
1.2941724729048865
1.2514058117147258
0.6093726086166281
1.2953503032614502
0.43021483817401834
0.6926901298188487
1.1047980154336738
1.2770600329692126
0.9184892998517205
0.5654424376518354
1.3056797558029574
1.2758854138326068
-0.4144595904959134
-0.7854735594649107
1.2439531798977361
1.1786414500843836
0.6629347677396077
0.5866346585688196
1.1831026082794587
0.9808449458062095
0.7577817048129601
1.108772313647303
1.0688164638487883
1.297049293629404
1.0595042868227988
-0.6405345127501879
1.132549875589637
1.0753702660738977
1.0306588868082713
0.6692877692609172
0.6565147137372834
1.0859837346843195
0.9388976589488005
1.0076486544446972
1.2491856613353818
-0.9826237661959594
1.1263482051337725
1.3056797558029574
1.1577557672785332
0.9788516555413589
0.8763774708674067
1.3171870387010285
0.9914586759841532
0.7460991047313459
1.1231963963541602
0.9658436156489435
1.142336763526872
1.183386029880335
0.8320479580938445
1.1771003149263344
1.196339686947536
1.1985936927282743
1.0546256001723824
1.1859769760363335
0.6205724963278557
0.8981921902009125
1.1838013691604832
-0.07097048555363118
1.0285721936187027
1.1787804117751266
-0.293290169938268
1.018748101382646
1.2877621611106769
0.9193140274206324
1.271157907108744
0.7411268419411334
1.1994875283396214
0.8056688923550535
0.11484958703259085
0.9971425079142365
1.2612141042448428
0.5984294105069968
0.8055762832774569
1.1171169012523374
1.1876075698415933
0.5062801507501937
0.6305859197557552
1.111984363098084
1.2413603539184355
1.047150477903532
1.3315711423236174
1.3171870387010285
1.2525836420712895
1.2542826324392435
1.1374901867703453
0.6266808110836165
1.135926451732663
0.904539903951069
0.9350689481777315
0.6134557444965273
1.094378044142515
1.3344479630481352
1.257727442654195
1.154489431636319
1.2051678598260638
1.1208856777648997
0.8267126991514989
1.0885395520385304
1.1057935292371348
0.9517766851931894
1.0962189303833607
1.1589410175288053
1.1308574994868528
0.8848529276220976
0.7260653235690265
1.1175976476090745
1.2677841855842835
0.7737369985541215
1.2248577548488917
1.1491734993754554
0.7334443924664935
1.2630486049465806
0.19221072012548412
-0.16276635819558954
1.1087103241882013
1.297049293629404
0.46984749722813995
1.1928400512792392
1.147954894642124
1.2771955433029967
1.0939430287910663
1.0018147179865033
0.9205234378783781
1.260557433899669
1.1683636603813163
0.9286094715614652
1.1820910936587312
1.2195070707402103
0.2586412779027246
1.2159855371104795
1.3402016044971707
1.196087324452914
1.0886106647954583
1.1460125181870564
0.9512593349867905
1.0225000465420824
-0.24821236073935282
1.1896742220812442
1.2528676368165064
1.3200638594255463
1.0003086510447325
1.2471139953674708
1.2390046932053076
1.325817500874582
1.1882529550529692
0.7834707469591334
1.2139184614412544
1.2843641803747692
1.2768228677030395
1.2743187225784784
0.6663657437134924
0.9833994686445806
1.2497068213467717
1.0001761223207415
1.1568806366946924
0.7200542045224778
1.055104897590561
1.0215803583549525
1.297049293629404
1.2179262830432924
1.11355015181295
1.1550105916477091
1.1410234228365246
1.219398488877969
1.249706821346772
1.1881514868033978
1.186666904751203
1.3413794348537347
1.2808306893050774
1.3200638594255465
0.28632263404702335
1.0715013221704315
1.2051282297224697
1.0895597827334191
0.4764057026012693
-0.06658363376450747
1.0613981191935238
1.2421186791959982
1.285542010731333
0.9459655549802591
1.2381995384487006
1.2679552402633132
0.9519765276007659
1.285542010731333
1.1772781173000864
0.7484639965228689
1.262788869412811
1.0811025504159135
1.1964887683906682
1.0350038738760206
0.6691459401712821
-0.5639531931456839
0.3024196683161398
0.7427706203293143
0.9580789471125065
0.7819676001235333
-0.4709591498238089
-1.8344235113216683
1.125928328714005
-0.6550919595173373
1.2910584869141952
0.9794411805236023
1.1287468585405345
1.2941724729048862
1.2855420107313331
1.1650696205533475
0.8565098037066838
1.250954175679589
0.8760263033419967
1.1647878475417663
1.0063177786106456
1.2460603902108927
1.0493643408455824
1.2362295274131787
1.1538107880552475
1.013141870632252
1.2000461125195594
-0.9617079038254983
0.08372009563151762
1.2797883692822973
0.3499660857857843
1.2357083674017892
-0.5369077190643745
0.9207952560241627
1.2366490324921795
1.2415975191846083
1.0806756306482508
1.195818270367827
1.2740347278332618
1.3315711423236176
1.2597991086221059
-0.7876869245291434
1.0526233098745663
1.2519382568599138
1.0915005103186461
1.0984007107329987
1.2109948112376927
1.3030869298236565
0.7009643872482527
1.0247725491295518
0.7747427419362899
1.2537614724278534
1.1933785242679251
1.235843877735573
1.244474339909126
-0.5176550210131117
1.3013879394557026
1.0009049673216766
1.236886197758353
1.2892708156915014
-0.5590974374122688
1.2786105389257334
1.2054783350548302
0.7371870406167776
0.8865569829443395
0.8337253061509021
1.2780893789143433
1.2021271837979663
1.2887028262010676
1.2789961886033396
1.2870038358331137
1.2091603105359552
1.2380640281149167
1.2306455690990126
1.2906389818351944
-0.4942967381524941
-0.26916365600727127
1.2295690762751474
1.1928400512792392
0.8467503387976681
1.2679084107842693
1.241384206977635
1.311433397251993
1.288418831455851
1.1071398400187409
1.0303528892512883
-0.25369358812623455
1.2912956521803685
1.2497068213467717
1.3126112276085569
-0.351386730097679
1.1749224565869587
1.3258175008745818
1.3011039447104857
1.2179262830432922
0.9567819874103568
1.1272091885276716
0.5275231952158759
-0.16194057430384007
1.2116514815828667
1.1850974960850247
1.150277296985556
1.2471027102336725
1.340201604497171
0.8754535279186129
1.2221164444581574
0.469386077226477
0.989479910992707
-0.05742416776173678
1.1884681470832448
0.7200921581811834
1.2884188314558505
1.2559816228071976
0.9522774098505159
1.2837075100295952
1.3171870387010285
1.0884971784185926
0.5838343338343002
1.141276039035348
0.8035053861892465
1.1269251937824547
0.23863541426120938
1.2740347278332615
-0.7584767398565224
1.3315711423236174
1.2924734825369324
0.9937404760009064
1.2705012367635702
1.0987058689482867
1.109053445921256
0.7650380194987084
1.0086096882592313
1.2669677456938784
0.9764082034167224
1.1930372449930182
1.1876075698415938
1.2014723932760947
1.1832174310792358
1.124148148167023
1.322940680150064
1.3085565765274751
1.2912956521803687
1.1461203939403857
1.3039807654350035
1.1345446389444795
1.0369797099588456
1.178151668619387
1.0893445907031438
1.136150776118695
0.6418521514851672
1.2322087317334918
0.8847016134046429
1.284885340386159
1.2617820937352766
1.23683605271723
1.0969799666188573
0.8009860341253604
1.1607755182305424
1.1982210171283179
0.5920891928421382
0.9444631312095848
1.2794156936823404
1.3126112276085569
1.2120038728907774
0.7016507494862951
0.7580685919198641
1.124013234864939
1.3002101090991387
0.22834057014423814
1.1694546897064422
0.8434752718027895
0.8272044480077967
1.1198320751187254
1.284228670040985
1.282949184752032
0.8723684588190703
1.012914022841784
0.07564331986486034
-0.18490842956603054
0.19000978917131794
1.123473670384805
0.5505864108919211
0.6662157195821018
1.242017024263609
1.093932201858786
1.108812691351945
0.9561788430093384
1.0735042515392836
0.9311232058842258
1.2427753495411722
1.3344479630481354
0.9027140772553985
1.299269444008748
1.2714419018539609
1.2237423266781333
1.1712302754321957
1.054807173409597
1.2178930246735966
0.6237784150103906
0.37293922051587686
0.9117251432065931
0.9238990371415622
0.9951419579541753
1.3085565765274751
1.2797883692822973
1.2549393027844173
0.6242619651640391
1.3258175008745818
1.182671031503802
1.191797731256459
1.146300353734474
0.8441146824784106
-0.46723652726552817
0.5099820955899703
1.0018858700344344
0.5614584219167443
1.0976597126342547
1.089784494835455
1.232967057011055
1.077061042828424
-0.6460721234548558
1.2190024584674666
1.1457815737418238
1.1380336620458191
0.6738575896529014
-0.32697615273546926
0.9880183438434811
1.0819365023896481
-0.108095545780711
1.211824371607667
0.6802532989195713
0.48484099400739067
1.1168310266838184
0.7337688098244766
1.0147266511468274
0.6438796061136322
1.2703657264297863
0.9702473064934579
0.5493105127232758
1.2064190001452213
0.5644938290247977
0.6361528359422415
1.1021629283160121
0.24199370476365434
1.0539013162660313
1.285542010731333
1.2098169808811285
1.2255612546731092
1.2432965095525623
0.9784194462096981
1.2150494623187742
1.3200638594255465
1.10251432625122
1.1244078837007934
1.2855420107313331
1.2906389818351947
1.2299547259527535
1.2393773688052643
0.4535670868297977
0.7028336138448837
0.8611894608209483
1.2840027899086104
1.275598207867432
0.9274461006333159
-0.11236663358463066
1.31171739199721
1.2630486049465806
1.2528676368165064
0.69499851354865
0.9558178362908802
1.1921833809340654
1.1436982164878673
1.2884188314558507
1.2307937361107548
0.7301426309820054
1.1690464697612397
1.2642264353031445
0.5089521806260364
0.914624818862486
1.2754965529350426
1.1416800931816984
1.1904843905661113
1.2024130583664854
0.5535167607902127
1.257057798231372
0.5621986029863802
1.2339077221014458
0.9984947859757307
0.5792019173419807
0.7156245247152552
1.1997715230848387
1.2762548782126055
1.1387494424875328
1.0466190675233233
0.912299031066276
1.2835171742424658
0.4745880346538632
1.178502777135694
1.051721323943641
0.9310654270844064
-0.18364206643623826
1.1201678396900925
1.114373711038301
0.7704712672162662
1.0426607164731594
0.9303568389830373
1.256401127886198
1.2461185048237344
1.2697429114860068
1.2447583346543432
0.9518464960847162
0.8842674880994352
0.17425132800008897
1.2520624820598996
1.0375956624722056
1.256773803486155
1.2090118261245217
-0.21983090344675377
1.153187376079769
0.9581611345688522
1.2423010190088257
1.0585514934914422
1.0949006100361316
1.2398985288166544
1.0715492172252048
0.8164731191488437
0.8795874314431613
0.1540185744734332
0.9394261196947696
1.2717258965991778
-0.7538999563078601
-0.10685914102026271
0.9950725617128536
1.0826218271065113
1.007473121905076
-0.47911176993314497
1.2909229765804113
0.9965534359989248
1.1930533105966057
0.49596147003743585
1.1550705266472006
